IL
0.1, -0.2, 0.3, 0.1, -0.2, 0.3, 0.1, -0.2               
-0.4, 0.5, 0.6, -0.4, 0.5, 0.6, -0.4, 0.5

HL1
-0.2, 0.3, -0.4, 0.5, 0.6, -0.7, 0.8, -0.9           
-0.7, 0.5, 0.8, -0.2, -0.3, -0.6, 0.1, 0.4
-0.2, 0.3, -0.4, 0.5, 0.6, -0.7, 0.8, -0.9
0.1, 0.9, -0.3, 0.2, -0.5, 0.4, 0.6, -0.8
-0.7, 0.5, 0.8, -0.2, -0.3, -0.6, 0.1, 0.4
-0.2, 0.3, -0.4, 0.5, 0.6, -0.7, 0.8, -0.9
0.1, 0.9, -0.3, 0.2, -0.5, 0.4, 0.6, -0.8

HL2
0.2, -0.3, 0.4, -0.5, -0.6, 0.7, -0.8, 0.9
-0.1, -0.9, 0.3, -0.2, 0.5, -0.4, -0.6, 0.8
0.7, -0.5, -0.8, 0.2, 0.3, 0.6, -0.1, -0.4
0.2, -0.3, 0.4, -0.5, -0.6, 0.7, -0.8, 0.9
-0.1, -0.9, 0.3, -0.2, 0.5, -0.4, -0.6, 0.8
0.7, -0.5, -0.8, 0.2, 0.3, 0.6, -0.1, -0.4
0.2, -0.3, 0.4, -0.5, -0.6, 0.7, -0.8, 0.9
-0.1, -0.9, 0.3, -0.2, 0.5, -0.4, -0.6, 0.8
 
HL3
0.3, -0.4, 0.5, -0.6, -0.7, 0.8, -0.9, 0.1
-0.2, -0.9, 0.4, -0.3, 0.5, -0.6, -0.8, 0.1
0.6, -0.5, -0.7, 0.2, 0.4, 0.8, -0.1, -0.3
0.3, -0.4, 0.5, -0.6, -0.7, 0.8, -0.9, 0.1
-0.2, -0.9, 0.4, -0.3, 0.5, -0.6, -0.8, 0.1
0.6, -0.5, -0.7, 0.2, 0.4, 0.8, -0.1, -0.3
0.3, -0.4, 0.5, -0.6, -0.7, 0.8, -0.9, 0.1
-0.2, -0.9, 0.4, -0.3, 0.5, -0.6, -0.8, 0.1
 
HL4
0.4, -0.5, 0.6, -0.7, -0.8, 0.9, -0.1, 0.2
-0.3, -0.8, 0.5, -0.4, 0.6, -0.7, -0.9, 0.2
0.5, -0.4, -0.6, 0.3, 0.2, 0.8, -0.2, -0.1
0.4, -0.5, 0.6, -0.7, -0.8, 0.9, -0.1, 0.2
-0.3, -0.8, 0.5, -0.4, 0.6, -0.7, -0.9, 0.2
0.5, -0.4, -0.6, 0.3, 0.2, 0.8, -0.2, -0.1
0.4, -0.5, 0.6, -0.7, -0.8, 0.9, -0.1, 0.2
-0.3, -0.8, 0.5, -0.4, 0.6, -0.7, -0.9, 0.2
 
HL5
0.5, -0.6, 0.7, -0.8, -0.9, 0.1, -0.2, 0.3
-0.4, -0.7, 0.6, -0.5, 0.8, -0.6, -0.2, 0.1
0.4, -0.3, -0.5, 0.1, 0.6, 0.7, -0.3, -0.2
0.5, -0.6, 0.7, -0.8, -0.9, 0.1, -0.2, 0.3
-0.4, -0.7, 0.6, -0.5, 0.8, -0.6, -0.2, 0.1
0.4, -0.3, -0.5, 0.1, 0.6, 0.7, -0.3, -0.2
0.5, -0.6, 0.7, -0.8, -0.9, 0.1, -0.2, 0.3
-0.4, -0.7, 0.6, -0.5, 0.8, -0.6, -0.2, 0.1
 
 
OL
-0.1
0.2
0.3
0.4
0.5
-0.6
-0.7
0.8
 
ID
0.1, 0.2